0 0 0 0 0 0 0 0 0 0 0 0 0 2 2 2 1 2 1 2 1 1 2 1 1 2 1 2 // 12      name of  vertexes
0 0 0 0 0 0 0 0 2 1 1 1 1 0 0 0 0 0 2 2 1 2 2 1 2 2 2 1 // 13
0 0 0 0 0 0 0 2 0 2 2 2 1 0 1 2 1 1 0 0 0 0 2 2 2 1 1 2  // 14
0 0 0 0 0 0 0 1 2 0 1 2 2 2 0 1 1 2 0 2 2 2 0 0 0 2 1 1 // 15
0 0 0 0 0 0 0 2 1 1 0 2 2 2 1 0 2 2 1 0 2 2 0 2 2 0 0 2 // 16
0 0 0 0 0 0 0 1 1 1 2 0 1 2 2 2 0 1 2 2 0 1 2 0 2 0 1 0 // 17
0 0 0 0 0 0 0 1 2 1 1 1 0 2 1 2 2 0 2 1 2 0 2 1 0 2 0 0 // 18
0 0 2 1 2 1 1 0 0 0 0 0 0 0 0 0 0 0 1 2 1 2 2 2 2 1 2 2 // 23
0 2 0 2 1 1 2 0 0 0 0 0 0 0 2 2 2 2 0 0 0 0 1 1 1 2 2 1 // 24
0 1 2 0 1 1 1 0 0 0 0 0 0 1 0 1 1 2 0 2 2 2 0 0 0 1 2 2 // 25
0 1 2 1 0 2 1 0 0 0 0 0 0 2 2 0 2 1 2 0 2 1 0 2 1 0 0 2 // 26
0 1 2 2 2 0 1 0 0 0 0 0 0 2 2 1 0 2 1 2 0 2 1 0 2 0 1 0 // 27
0 1 1 2 2 1 0 0 0 0 0 0 0 1 2 1 2 0 1 1 2 0 1 2 0 2 0 0  // 28
2 0 0 2 2 2 2 0 0 1 2 2 1 0 0 0 0 0 0 0 0 0 2 1 1 2 1 1  // 34
2 0 1 0 1 2 1 0 2 0 2 2 2 0 0 0 0 0 0 2 1 1 0 0 0 2 2 1  // 35
2 0 2 1 0 2 2 0 2 1 0 1 1 0 0 0 0 0 2 0 1 1 0 1 1 0 0 2 // 36
1 0 1 1 2 0 2 0 2 1 2 0 2 0 0 0 0 0 2 1 0 2 1 0 2 0 2 0 // 37
2 0 1 2 2 1 0 0 2 2 1 2 0 0 0 0 0 0 1 1 1 0 2 1 0 2 0 0 // 38
1 2 0 0 1 2 2 1 0 0 2 1 1 0 0 2 2 1 0 0 0 0 0 0 0 2 2 1 // 45
2 2 0 2 0 2 1 2 0 2 0 2 1 0 2 0 1 1 0 0 0 0 0 2 1 0 0 1  // 46
1 1 0 2 2 0 2 1 0 2 2 0 2 0 1 1 0 1 0 0 0 0 1 0 2 0 2 0 // 47
1 2 0 2 2 1 0 2 0 2 1 2 0 0 1 1 2 0 0 0 0 0 1 2 0 1 0 0 // 48
2 2 2 0 0 2 2 2 1 0 0 1 1 2 0 0 1 2 0 0 1 1 0 0 0 0 0 2  // 56
1 1 2 0 2 0 1 2 1 0 2 0 2 1 0 1 0 1 0 2 0 2 0 0 0 0 2 0 // 57
1 2 2 0 2 2 0 2 1 0 1 2 0 1 0 1 2 0 0 1 2 0 0 0 0 1 0 0 // 58
2 2 1 2 0 0 2 1 2 1 0 0 2 2 2 0 0 2 2 0 0 1 0 0 1 0 0 0 // 67
1 2 1 1 0 1 0 2 2 2 0 1 0 1 2 0 2 0 2 0 2 0 0 2 0 0 0 0 // 68
2 1 2 1 2 0 0 2 1 2 2 0 0 1 1 2 0 0 1 1 0 0 2 0 0 0 0 0 // 78
91 edges

1 if edge in subgraph
2 if edge not in subgraph but in graph G
0 - if there are not edge in G
